-------Row:1-------
1,1,1,1,1,1,1,1,1,1,
1,1,1,1,1,1,1,1,1,1,
1,1,1,1,1,1,1,1,1,1,
1,1,1,1,1,1,1,1,1,1,
1,1,1,1,1,1,1,1,1,1,
1,1,1,1,1,1,1,1,1,1,
1,1,1,1,2,2,2,1,1,1,
1,1,1,1,2,1,1,1,1,1,
1,1,1,1,1,1,1,1,1,1,
1,1,1,1,1,1,1,1,1,1,
1,1,1,1,1,1,1,1,1,1,
1,1,1,1,1,1,1,1,1,1,
1,1,1,1,1,1,1,1,1,1,
1,1,1,1,1,1,1,1,1,
-------Row:2-------
1,1,1,1,1,1,1,1,1,1,
1,1,1,1,1,1,1,1,1,1,
1,1,1,1,1,1,1,1,1,1,
1,1,1,1,1,1,1,1,1,1,
1,1,1,1,1,1,1,1,1,1,
1,1,1,1,1,1,1,1,1,1,
1,1,1,2,2,1,1,1,1,1,
1,1,1,1,1,1,1,1,1,1,
1,1,1,1,1,1,1,1,1,1,
1,1,1,1,1,1,1,1,1,1,
1,1,1,1,1,1,1,1,1,1,
1,1,1,1,1,1,1,1,1,1,
1,1,1,1,1,1,1,1,1,1,
1,1,1,1,1,1,1,1,1,
-------Row:3-------
1,1,1,1,1,1,1,1,1,1,
1,1,1,1,1,1,1,1,1,1,
1,1,1,1,1,1,1,1,1,1,
1,1,1,1,1,1,1,1,1,1,
1,1,1,1,1,1,1,1,1,1,
1,1,1,1,1,1,1,1,1,1,
1,2,2,1,1,1,1,1,2,2,
2,2,2,2,2,1,1,1,1,1,
1,1,1,1,1,1,1,1,1,1,
1,1,1,1,1,1,1,1,1,1,
1,1,1,1,1,1,1,1,1,1,
1,1,1,1,1,1,1,1,1,1,
1,1,1,1,1,1,1,1,1,1,
1,1,1,1,1,1,1,1,1,
-------Row:4-------
1,1,1,1,1,1,1,1,1,1,
1,1,1,1,1,1,1,1,1,1,
1,1,1,1,1,1,1,1,1,1,
1,1,1,1,1,1,1,1,1,1,
1,1,1,1,1,1,1,1,1,1,
1,1,1,1,1,1,1,1,1,2,
2,1,1,1,1,2,2,2,1,1,
1,1,2,2,2,2,2,1,1,1,
1,1,1,1,1,1,1,1,1,1,
1,1,1,1,1,1,1,1,1,1,
1,1,1,1,1,1,1,1,1,1,
1,1,1,1,1,1,1,1,1,1,
1,1,1,1,1,1,1,1,1,1,
1,1,1,1,1,1,1,1,1,
-------Row:5-------
1,1,1,1,1,1,1,1,1,1,
1,1,1,1,1,1,1,1,1,1,
1,1,1,1,1,1,1,1,1,1,
1,1,1,1,1,1,1,1,1,1,
1,1,1,1,1,1,1,1,1,1,
1,1,1,1,1,1,1,1,2,2,
1,1,1,1,2,2,1,1,1,1,
1,1,1,1,1,2,2,2,2,1,
1,1,1,1,1,1,1,1,1,1,
1,1,1,1,1,1,1,1,1,1,
1,1,1,1,1,1,1,1,1,1,
1,1,1,1,1,1,1,1,1,1,
1,1,1,1,1,1,1,1,1,1,
1,1,1,1,1,1,1,1,1,
-------Row:6-------
1,1,1,1,1,1,1,1,1,1,
1,1,1,1,1,1,1,1,1,1,
1,1,1,1,1,1,1,1,1,1,
1,1,1,1,1,1,1,1,1,1,
1,1,1,1,1,1,1,1,1,1,
1,1,1,2,2,2,2,2,2,1,
1,1,1,2,2,1,2,2,2,2,
1,1,1,2,2,2,2,2,1,2,
1,1,1,1,1,1,1,1,1,1,
1,1,1,1,1,1,1,1,1,1,
1,1,1,1,1,1,1,1,1,1,
1,1,1,1,1,1,1,1,1,1,
1,1,1,1,1,1,1,1,1,1,
1,1,1,1,1,1,1,1,1,
-------Row:7-------
1,1,1,1,1,1,1,1,1,1,
1,1,1,1,1,1,1,1,1,1,
1,1,1,1,1,1,1,1,1,1,
1,1,1,1,1,1,1,1,1,1,
1,1,1,1,1,1,1,1,1,1,
2,2,2,2,2,2,2,1,2,1,
1,1,1,2,1,2,2,2,2,1,
1,2,2,1,2,2,2,2,2,2,
1,1,1,1,1,1,1,1,1,1,
1,1,1,1,1,1,1,1,1,1,
1,1,1,1,1,1,1,1,1,1,
1,1,1,1,1,1,1,1,1,1,
1,1,1,1,1,1,1,1,1,1,
1,1,1,1,1,1,1,1,1,
-------Row:8-------
1,1,1,1,1,1,1,1,1,1,
1,1,1,1,1,1,1,1,1,1,
1,1,1,1,1,1,1,1,1,1,
1,1,1,1,1,1,1,1,1,1,
1,1,1,1,1,1,1,1,1,2,
2,2,2,2,1,2,2,1,2,1,
1,1,2,1,2,2,2,2,1,1,
2,3,2,2,2,2,2,2,2,2,
2,2,1,1,1,1,1,1,1,1,
1,1,1,1,1,1,1,1,1,1,
1,1,1,1,1,1,1,1,1,1,
1,1,1,1,1,1,1,1,1,1,
1,1,1,1,1,1,1,1,1,1,
1,1,1,1,1,1,1,1,1,
-------Row:9-------
1,1,1,1,1,1,1,1,1,1,
1,1,1,1,1,1,1,1,1,1,
1,1,1,1,1,1,1,1,1,1,
1,1,1,1,1,1,1,1,1,1,
1,1,1,1,1,1,1,1,2,2,
2,1,1,2,1,1,2,2,2,1,
1,1,1,2,3,3,3,2,2,2,
2,2,2,2,2,1,2,1,2,2,
2,2,1,1,1,1,1,1,1,1,
1,1,1,1,1,1,1,1,1,1,
1,1,1,1,1,1,1,1,1,1,
1,1,1,1,1,1,1,1,1,1,
1,1,1,1,1,1,1,1,1,1,
1,1,1,1,1,1,1,1,1,
-------Row:10-------
1,1,1,1,1,1,1,1,1,1,
1,1,1,1,1,1,1,1,1,1,
1,1,1,1,1,1,1,1,1,1,
1,1,1,1,1,1,1,1,1,1,
1,1,1,1,1,1,1,2,2,1,
1,1,1,1,1,1,2,2,2,2,
1,1,2,3,4,4,3,2,1,2,
2,1,1,1,1,2,2,2,2,2,
2,2,2,1,1,1,1,1,1,1,
1,1,1,1,1,1,1,1,1,1,
1,1,1,1,1,1,1,1,1,1,
1,1,1,1,1,1,1,1,1,1,
1,1,1,1,1,1,1,1,1,1,
1,1,1,1,1,1,1,1,1,
-------Row:11-------
1,1,1,1,1,1,1,1,1,1,
1,1,1,1,1,1,1,1,1,1,
1,1,1,1,1,1,1,1,1,1,
1,1,1,1,1,1,1,1,1,1,
1,1,1,1,1,1,1,2,2,1,
1,1,1,1,2,2,2,2,2,2,
2,2,3,3,3,2,2,2,2,2,
2,2,1,2,2,2,3,4,3,3,
3,2,2,2,2,2,1,1,1,1,
1,1,1,1,1,1,1,1,1,1,
1,1,1,1,1,1,1,1,1,1,
1,1,1,1,1,1,1,1,1,1,
1,1,1,1,1,1,1,1,1,1,
1,1,1,1,1,1,1,1,1,
-------Row:12-------
1,1,1,1,1,1,1,1,1,1,
1,1,1,1,1,1,1,1,1,1,
1,1,1,1,1,1,1,1,1,1,
1,1,1,1,1,1,1,1,1,1,
1,1,1,1,1,1,2,1,1,1,
2,2,1,1,2,2,3,3,3,3,
4,4,3,3,2,3,3,3,2,2,
2,2,2,2,2,3,4,5,4,4,
4,3,3,3,2,1,2,1,1,1,
1,1,1,1,1,1,1,1,1,1,
1,1,1,1,1,1,1,1,1,1,
1,1,1,1,1,1,1,1,1,1,
1,1,1,1,1,1,1,1,1,1,
1,1,1,1,1,1,1,1,1,
-------Row:13-------
1,1,1,1,1,1,1,1,1,1,
1,1,1,1,1,1,1,1,1,1,
1,1,1,1,1,1,1,1,1,1,
1,1,1,1,1,1,1,1,1,1,
1,1,1,1,1,2,1,1,1,1,
2,2,2,2,2,2,3,4,4,5,
5,4,3,3,4,3,3,4,3,3,
3,3,3,3,3,3,3,4,3,3,
3,2,3,3,3,3,2,2,1,1,
1,1,1,1,1,1,1,1,1,1,
1,1,1,1,1,1,1,1,1,1,
1,1,1,1,1,1,1,1,1,1,
1,1,1,1,1,1,1,1,1,1,
1,1,1,1,1,1,1,1,1,
-------Row:14-------
1,1,1,1,1,1,1,1,1,1,
1,1,1,1,1,1,1,1,1,1,
1,1,1,1,1,1,1,1,1,1,
1,1,1,1,1,1,1,1,1,1,
1,1,1,1,2,2,1,1,2,2,
2,2,2,2,2,2,3,4,4,4,
5,4,4,4,4,4,4,4,3,3,
3,4,4,4,4,4,4,4,3,3,
2,2,2,2,2,3,3,2,1,1,
1,1,1,1,1,1,1,1,1,1,
1,1,1,1,1,1,1,1,1,1,
1,1,1,1,1,1,1,1,1,1,
1,1,1,1,1,1,1,1,1,1,
1,1,1,1,1,1,1,1,1,
-------Row:15-------
1,1,1,1,1,1,1,1,1,1,
1,1,1,1,1,1,1,1,1,1,
1,1,1,1,1,1,1,1,1,1,
1,1,1,1,1,1,1,1,1,1,
1,1,1,2,2,2,1,2,3,3,
3,3,3,3,3,3,3,4,4,3,
3,3,4,4,4,4,4,4,4,4,
4,3,3,3,3,4,3,3,4,4,
3,3,2,1,1,1,2,3,2,1,
1,1,1,1,1,1,1,1,1,1,
1,1,1,1,1,1,1,1,1,1,
1,1,1,1,1,1,1,1,1,1,
1,1,1,1,1,1,1,1,1,1,
1,1,1,1,1,1,1,1,1,
-------Row:16-------
1,1,1,1,1,1,1,1,1,1,
1,1,1,1,1,1,1,1,1,1,
1,1,1,1,1,1,1,1,1,1,
1,1,1,1,1,1,1,1,1,1,
1,1,1,2,1,1,2,2,2,2,
2,2,2,2,2,3,4,4,3,3,
3,4,4,4,4,4,4,4,4,4,
4,4,4,4,4,4,3,3,3,4,
4,4,4,3,1,1,1,2,2,2,
1,1,1,1,1,1,1,1,1,1,
1,1,1,1,1,1,1,1,1,1,
1,1,1,1,1,1,1,1,1,1,
1,1,1,1,1,1,1,1,1,1,
1,1,1,1,1,1,1,1,1,
-------Row:17-------
1,1,1,1,1,1,1,1,1,1,
1,1,1,1,1,1,1,1,1,1,
1,1,1,1,1,1,1,1,1,1,
1,1,1,1,1,1,1,1,1,1,
1,1,2,1,2,2,3,2,2,2,
2,2,3,3,3,3,4,3,3,3,
4,4,4,4,4,4,4,4,4,4,
4,4,4,4,4,4,4,4,4,4,
4,4,3,4,3,1,1,2,2,2,
2,1,1,1,1,1,1,1,1,1,
1,1,1,1,1,1,1,1,1,1,
1,1,1,1,1,1,1,1,1,1,
1,1,1,1,1,1,1,1,1,1,
1,1,1,1,1,1,1,1,1,
-------Row:18-------
1,1,1,1,1,1,1,1,1,1,
1,1,1,1,1,1,1,1,1,1,
1,1,1,1,1,1,1,1,1,1,
1,1,1,1,1,1,1,1,1,1,
1,1,2,2,2,2,2,2,2,3,
3,3,3,3,4,4,3,3,3,3,
4,5,5,5,5,4,5,4,4,4,
5,4,4,4,4,5,5,4,4,4,
4,3,3,4,4,3,1,2,2,1,
2,1,1,1,1,1,1,1,1,1,
1,1,1,1,1,1,1,1,1,1,
1,1,1,1,1,1,1,1,1,1,
1,1,1,1,1,1,1,1,1,1,
1,1,1,1,1,1,1,1,1,
-------Row:19-------
1,1,1,1,1,1,1,1,1,1,
1,1,1,1,1,1,1,1,1,1,
1,1,1,1,1,1,1,1,1,1,
1,1,1,1,1,1,1,1,1,1,
1,2,2,2,2,2,2,2,3,3,
3,3,3,4,5,4,4,3,3,4,
4,5,5,5,5,5,5,5,6,6,
5,5,5,4,4,4,4,5,5,4,
4,3,3,3,4,4,2,1,2,1,
1,2,1,1,1,1,1,1,1,1,
1,1,1,1,1,1,1,1,1,1,
1,1,1,1,1,1,1,1,1,1,
1,1,1,1,1,1,1,1,1,1,
1,1,1,1,1,1,1,1,1,
-------Row:20-------
1,1,1,1,1,1,1,1,1,1,
1,1,1,1,1,1,1,1,1,1,
1,1,1,1,1,1,1,1,1,1,
1,1,1,1,1,1,1,1,1,1,
2,2,2,2,2,2,2,2,2,2,
3,3,4,5,5,4,4,4,4,4,
5,5,5,5,5,5,5,5,5,5,
5,5,5,5,5,5,5,5,5,5,
5,4,3,3,3,4,3,2,2,2,
1,2,2,1,1,1,1,1,1,1,
1,1,1,1,1,1,1,1,1,1,
1,1,1,1,1,1,1,1,1,1,
1,1,1,1,1,1,1,1,1,1,
1,1,1,1,1,1,1,1,1,
-------Row:21-------
1,1,1,1,1,1,1,1,1,1,
1,1,1,1,1,1,1,1,1,1,
1,1,1,1,1,1,1,1,1,1,
1,1,1,1,1,1,1,1,1,2,
1,2,2,1,2,2,2,2,2,3,
4,4,5,5,4,4,4,4,4,4,
5,5,5,5,6,5,5,5,6,5,
5,5,4,5,5,5,5,5,5,5,
5,5,4,4,3,4,4,2,1,1,
1,1,2,1,1,1,1,1,1,1,
1,1,1,1,1,1,1,1,1,1,
1,1,1,1,1,1,1,1,1,1,
1,1,1,1,1,1,1,1,1,1,
1,1,1,1,1,1,1,1,1,
-------Row:22-------
1,1,1,1,1,1,1,1,1,1,
1,1,1,1,1,1,1,1,1,1,
1,1,1,1,1,1,1,1,1,1,
1,1,1,1,1,1,1,1,2,1,
2,2,1,2,2,2,2,2,3,4,
4,5,5,5,4,4,4,4,4,5,
5,5,5,6,6,6,5,5,5,5,
5,4,4,5,5,5,5,5,5,5,
5,5,5,5,4,4,4,3,2,1,
1,1,2,2,1,1,1,1,1,1,
1,1,1,1,1,1,1,1,1,1,
1,1,1,1,1,1,1,1,1,1,
1,1,1,1,1,1,1,1,1,1,
1,1,1,1,1,1,1,1,1,
-------Row:23-------
1,1,1,1,1,1,1,1,1,1,
1,1,1,1,1,1,1,1,1,1,
1,1,1,1,1,1,1,1,1,1,
1,1,1,1,1,1,1,1,1,1,
2,2,2,2,2,2,1,2,3,4,
5,4,4,4,4,5,4,4,4,5,
5,5,5,5,5,6,6,6,5,5,
5,5,5,5,5,5,5,5,5,5,
5,5,6,4,4,3,3,4,2,2,
2,1,1,1,1,1,1,1,1,1,
1,1,1,1,1,1,1,1,1,1,
1,1,1,1,1,1,1,1,1,1,
1,1,1,1,1,1,1,1,1,1,
1,1,1,1,1,1,1,1,1,
-------Row:24-------
1,1,1,1,1,1,1,1,1,1,
1,1,1,1,1,1,1,1,1,1,
1,1,1,1,1,1,1,1,1,1,
1,1,1,1,1,1,1,2,1,2,
2,2,2,2,1,1,2,3,3,4,
4,4,4,4,5,5,5,5,5,4,
4,5,5,5,5,5,5,5,5,5,
5,5,5,6,6,6,6,6,6,6,
5,5,5,4,3,3,3,3,3,2,
2,1,1,2,1,1,1,1,1,1,
1,1,1,1,1,1,1,1,1,1,
1,1,1,1,1,1,1,1,1,1,
1,1,1,1,1,1,1,1,1,1,
1,1,1,1,1,1,1,1,1,
-------Row:25-------
1,1,1,1,1,1,1,1,1,1,
1,1,1,1,1,1,1,1,1,1,
1,1,1,1,1,1,1,1,1,1,
1,1,1,1,1,1,1,1,2,2,
2,1,1,1,2,2,2,3,3,4,
4,4,4,4,5,5,4,4,4,4,
4,4,4,4,4,4,4,4,5,4,
5,5,5,5,6,6,6,6,5,5,
4,5,4,4,4,2,3,3,3,2,
2,1,1,2,1,1,1,1,1,1,
1,1,1,1,1,1,1,1,1,1,
1,1,1,1,1,1,1,1,1,1,
1,1,1,1,1,1,1,1,1,1,
1,1,1,1,1,1,1,1,1,
-------Row:26-------
1,1,1,1,1,1,1,1,1,1,
1,1,1,1,1,1,1,1,1,1,
1,1,1,1,1,1,1,1,1,1,
1,1,1,1,1,1,2,2,2,2,
2,2,1,2,3,2,2,3,3,4,
4,4,4,5,5,4,4,4,4,4,
4,4,4,4,4,4,4,4,5,5,
5,5,5,6,6,6,6,6,5,5,
5,4,4,4,3,2,2,2,2,2,
2,1,1,1,2,1,1,1,1,1,
1,1,1,1,1,1,1,1,1,1,
1,1,1,1,1,1,1,1,1,1,
1,1,1,1,1,1,1,1,1,1,
1,1,1,1,1,1,1,1,1,
-------Row:27-------
1,1,1,1,1,1,1,1,1,1,
1,1,1,1,1,1,1,1,1,1,
1,1,1,1,1,1,1,1,1,1,
1,1,1,1,1,1,2,2,2,2,
2,1,2,3,4,3,3,3,4,4,
4,4,5,5,4,4,4,4,4,4,
4,4,4,4,4,4,4,5,5,5,
5,5,6,6,6,6,5,5,5,5,
4,4,4,3,3,2,2,1,2,2,
2,2,1,1,2,1,1,1,1,1,
1,1,1,1,1,1,1,1,1,1,
1,1,1,1,1,1,1,1,1,1,
1,1,1,1,1,1,1,1,1,1,
1,1,1,1,1,1,1,1,1,
-------Row:28-------
1,1,1,1,1,1,1,1,1,1,
1,1,1,1,1,1,1,1,1,1,
1,1,1,1,1,1,1,1,1,1,
1,1,1,1,1,1,2,3,2,2,
1,1,2,2,2,2,3,3,4,4,
4,5,5,4,4,4,4,4,4,4,
4,4,4,4,4,4,5,6,5,5,
5,6,6,6,6,5,6,6,5,4,
4,3,3,3,3,2,2,1,2,2,
2,2,1,1,2,1,1,1,1,1,
1,1,1,1,1,1,1,1,1,1,
1,1,1,1,1,1,1,1,1,1,
1,1,1,1,1,1,1,1,1,1,
1,1,1,1,1,1,1,1,1,
-------Row:29-------
1,1,1,1,1,1,1,1,1,1,
1,1,1,1,1,1,1,1,1,1,
1,1,1,1,1,1,1,1,1,1,
1,1,1,1,1,2,3,2,2,2,
1,1,1,2,2,3,3,3,3,4,
5,5,4,4,4,4,4,4,4,4,
4,4,4,4,4,5,5,5,5,5,
6,6,6,6,5,6,6,5,5,4,
3,3,3,2,2,2,2,1,1,2,
2,2,1,1,2,1,1,1,1,2,
1,1,1,1,1,1,1,1,1,1,
1,1,1,1,1,1,1,1,1,1,
1,1,1,1,1,1,1,1,1,1,
1,1,1,1,1,1,1,1,1,
-------Row:30-------
1,1,1,1,1,1,1,1,1,1,
1,1,1,1,1,1,1,1,1,1,
1,1,1,1,1,1,1,1,1,1,
1,1,1,1,1,2,3,2,2,1,
1,1,2,2,2,3,3,4,4,5,
5,4,4,3,4,4,4,4,4,4,
4,4,4,4,5,5,5,6,6,6,
6,6,6,6,6,6,6,5,5,4,
3,3,3,2,2,2,2,2,1,2,
2,2,2,1,2,1,2,1,1,2,
1,1,1,1,1,1,1,1,1,1,
1,1,1,1,1,1,1,1,1,1,
1,1,1,1,1,1,1,1,1,1,
1,1,1,1,1,1,1,1,1,
-------Row:31-------
1,1,1,1,1,1,1,1,1,1,
1,1,1,1,1,1,1,1,1,1,
1,1,1,1,1,1,1,1,1,1,
1,1,1,1,2,3,2,2,1,1,
1,1,2,3,3,4,4,4,4,5,
5,4,3,4,3,4,4,4,4,4,
4,4,4,4,6,6,5,6,6,6,
6,6,6,6,6,6,5,4,4,3,
3,2,2,2,2,2,2,2,2,1,
2,2,2,1,1,2,1,1,1,1,
1,1,1,1,1,1,1,1,1,1,
1,1,1,1,1,1,1,1,1,1,
1,1,1,1,1,1,1,1,1,1,
1,1,1,1,1,1,1,1,1,
-------Row:32-------
1,1,1,1,1,1,1,1,1,1,
1,1,1,1,1,1,1,1,1,1,
1,1,1,1,1,1,1,1,1,1,
1,1,1,1,2,3,2,2,1,1,
1,1,2,3,3,4,4,4,4,4,
4,4,3,3,3,3,4,3,4,4,
4,4,4,5,5,6,6,6,6,6,
6,6,6,6,6,5,5,4,3,2,
2,2,2,2,2,2,2,2,2,2,
2,2,2,1,1,2,1,1,1,1,
2,1,1,1,1,1,1,1,1,1,
1,1,1,1,1,1,1,1,1,1,
1,1,1,1,1,1,1,1,1,1,
1,1,1,1,1,1,1,1,1,
-------Row:33-------
1,1,1,1,1,1,1,1,1,1,
1,1,1,1,1,1,1,1,1,1,
1,1,1,1,1,1,1,1,1,1,
1,1,1,1,2,2,2,1,1,1,
1,2,3,3,3,4,4,4,4,4,
3,3,2,2,3,3,3,3,3,3,
4,4,5,5,5,6,6,6,6,6,
6,6,6,6,6,5,3,3,2,2,
2,3,4,4,4,4,4,4,3,2,
2,2,3,2,1,1,1,1,1,1,
1,1,1,1,1,1,1,1,1,1,
1,1,1,1,1,1,1,1,1,1,
1,1,1,1,1,1,1,1,1,1,
1,1,1,1,1,1,1,1,1,
-------Row:34-------
1,1,1,1,1,1,1,1,1,1,
1,1,1,1,1,1,1,1,1,1,
1,1,1,1,1,1,1,1,1,1,
1,1,1,1,2,2,2,1,1,1,
2,3,4,4,4,4,5,4,4,3,
3,2,2,2,2,2,2,3,2,2,
3,3,4,4,5,6,6,6,6,6,
6,6,6,6,5,3,3,3,3,2,
3,6,6,6,5,5,5,5,5,3,
2,2,3,2,1,2,1,1,2,1,
2,2,1,1,1,1,1,1,1,1,
1,1,1,1,1,1,1,1,1,1,
1,1,1,1,1,1,1,1,1,1,
1,1,1,1,1,1,1,1,1,
-------Row:35-------
1,1,1,1,1,1,1,1,1,1,
1,1,1,1,1,1,1,1,1,1,
1,1,1,1,1,1,1,1,1,1,
1,1,1,1,2,2,2,2,1,2,
3,3,4,4,5,4,4,4,3,2,
2,3,2,2,2,2,2,3,2,2,
2,3,4,4,5,5,6,6,6,6,
6,6,6,6,4,3,3,3,4,4,
5,4,4,4,5,5,5,5,5,4,
2,2,3,2,1,1,1,1,2,1,
2,2,1,1,1,1,1,1,1,1,
1,1,1,1,1,1,1,1,1,1,
1,1,1,1,1,1,1,1,1,1,
1,1,1,1,1,1,1,1,1,
-------Row:36-------
1,1,1,1,1,1,1,1,1,1,
1,1,1,1,1,1,1,1,1,1,
1,1,1,1,1,1,1,1,1,1,
1,1,1,1,2,2,2,1,1,2,
2,2,3,4,5,4,4,4,2,3,
4,4,4,4,4,3,3,3,3,2,
2,3,4,3,4,5,5,6,6,6,
6,6,5,5,4,4,5,5,5,4,
4,3,3,2,2,3,4,5,5,4,
2,2,3,3,2,1,1,1,2,1,
1,2,1,1,1,1,1,1,1,1,
1,1,1,1,1,1,1,1,1,1,
1,1,1,1,1,1,1,1,1,1,
1,1,1,1,1,1,1,1,1,
-------Row:37-------
1,1,1,1,1,1,1,1,1,1,
1,1,1,1,1,1,1,1,1,1,
1,1,1,1,1,1,1,1,1,1,
1,1,1,1,1,1,2,1,2,2,
2,2,2,3,4,4,4,3,3,4,
4,5,4,4,4,3,3,3,3,3,
3,3,3,3,4,4,4,5,5,5,
5,5,5,5,5,5,5,5,4,2,
2,2,2,2,2,2,2,3,5,5,
2,1,3,3,2,1,2,2,1,1,
2,2,2,1,1,1,1,1,1,1,
1,1,1,1,1,1,1,1,1,1,
1,1,1,1,1,1,1,1,1,1,
1,1,1,1,1,1,1,1,1,
-------Row:38-------
1,1,1,1,1,1,1,1,1,1,
1,1,1,1,1,1,1,1,1,1,
1,1,1,1,1,1,1,1,1,1,
1,1,1,2,1,2,1,2,2,2,
1,1,1,3,4,4,3,4,4,5,
5,4,4,3,2,2,1,2,2,3,
3,4,4,4,4,4,4,4,5,4,
4,5,4,5,5,5,4,3,1,2,
2,1,1,2,2,3,2,2,3,5,
3,1,2,3,2,1,1,2,2,1,
2,2,1,1,1,1,1,1,1,1,
1,1,1,1,1,1,1,1,1,1,
1,1,1,1,1,1,1,1,1,1,
1,1,1,1,1,1,1,1,1,
-------Row:39-------
1,1,1,1,1,1,1,1,1,1,
1,1,1,1,1,1,1,1,1,1,
1,1,1,1,1,1,1,1,1,1,
1,1,1,1,1,2,2,2,2,1,
1,1,2,3,4,4,4,4,5,5,
4,3,2,1,1,1,1,1,1,1,
2,3,4,4,4,4,4,3,4,4,
4,5,4,4,5,4,3,2,1,1,
1,1,1,1,2,5,3,1,2,3,
3,1,1,3,2,1,1,2,2,1,
2,2,2,1,1,1,1,1,1,1,
1,1,1,1,1,1,1,1,1,1,
1,1,1,1,1,1,1,1,1,1,
1,1,1,1,1,1,1,1,1,
-------Row:40-------
1,1,1,1,1,1,1,1,1,1,
1,1,1,1,1,1,1,1,1,1,
1,1,1,1,1,1,1,1,1,1,
1,1,1,1,2,2,2,2,1,1,
1,1,2,3,4,4,4,5,5,5,
3,2,1,2,1,1,1,1,1,2,
2,2,3,4,4,4,4,3,3,4,
3,5,4,4,4,4,2,1,1,1,
1,1,1,3,3,3,2,1,2,3,
4,2,1,2,2,1,1,1,2,1,
1,2,2,1,1,1,1,1,1,1,
1,1,1,1,1,1,1,1,1,1,
1,1,1,1,1,1,1,1,1,1,
1,1,1,1,1,1,1,1,1,
-------Row:41-------
1,1,1,1,1,1,1,1,1,1,
1,1,1,1,1,1,1,1,1,1,
1,1,1,1,1,1,1,1,1,1,
1,1,1,2,2,2,2,1,1,1,
1,1,1,3,4,4,4,4,4,4,
2,1,2,4,1,1,1,1,1,1,
1,2,3,3,3,4,4,3,3,3,
3,4,4,4,3,2,2,1,1,1,
1,1,1,1,1,2,2,2,2,3,
4,2,1,2,3,1,1,1,2,2,
1,2,2,1,1,1,1,1,1,1,
1,1,1,1,1,1,1,1,1,1,
1,1,1,1,1,1,1,1,1,1,
1,1,1,1,1,1,1,1,1,
-------Row:42-------
1,1,1,1,1,1,1,1,1,1,
1,1,1,1,1,1,1,1,1,1,
1,1,1,1,1,1,1,1,1,1,
1,1,1,2,2,2,1,1,1,1,
1,1,1,3,4,4,4,4,4,3,
2,1,3,4,2,2,1,1,1,1,
1,1,2,3,3,4,4,3,3,3,
3,3,4,4,3,2,2,1,1,1,
1,2,2,2,3,3,3,3,3,3,
3,2,1,2,3,2,2,1,2,3,
1,1,2,2,1,1,1,1,1,1,
1,1,1,1,1,1,1,1,1,1,
1,1,1,1,1,1,1,1,1,1,
1,1,1,1,1,1,1,1,1,
-------Row:43-------
1,1,1,1,1,1,1,1,1,1,
1,1,1,1,1,1,1,1,1,1,
1,1,1,1,1,1,1,1,1,1,
1,1,2,2,3,2,1,1,1,1,
1,1,1,3,4,4,4,4,4,3,
2,1,1,3,3,2,1,1,1,1,
1,1,2,3,3,3,4,3,3,3,
3,3,4,4,4,2,2,2,2,2,
2,3,3,4,5,4,4,4,3,3,
3,3,1,1,3,2,2,1,2,2,
2,1,2,1,1,1,1,1,1,1,
1,1,1,1,1,1,1,1,1,1,
1,1,1,1,1,1,1,1,1,1,
1,1,1,1,1,1,1,1,1,
-------Row:44-------
1,1,1,1,1,1,1,1,1,1,
1,1,1,1,1,1,1,1,1,1,
1,1,1,1,1,1,1,1,1,1,
1,1,2,3,3,2,1,1,1,1,
1,1,2,3,4,4,4,4,4,3,
2,2,2,2,2,2,2,2,2,2,
2,2,2,2,3,4,3,3,3,3,
4,3,3,4,3,2,2,2,2,2,
2,2,3,4,5,5,5,5,4,3,
3,3,2,2,2,2,2,2,1,2,
2,1,2,2,2,1,1,1,1,1,
1,1,1,1,1,1,1,1,1,1,
1,1,1,1,1,1,1,1,1,1,
1,1,1,1,1,1,1,1,1,
-------Row:45-------
1,1,1,1,1,1,1,1,1,1,
1,1,1,1,1,1,1,1,1,1,
1,1,1,1,1,1,1,1,1,1,
1,1,3,3,2,2,2,1,1,1,
1,1,2,3,4,4,4,4,3,3,
3,2,2,2,2,3,2,2,2,2,
2,2,2,2,3,3,3,3,3,3,
3,3,3,3,3,3,2,2,2,2,
2,2,2,3,4,4,4,4,4,3,
3,4,3,2,1,2,1,2,1,2,
2,2,1,2,2,1,1,1,1,1,
1,1,1,1,1,1,1,1,1,1,
1,1,1,1,1,1,1,1,1,1,
1,1,1,1,1,1,1,1,1,
-------Row:46-------
1,1,1,1,1,1,1,1,1,1,
1,1,1,1,1,1,1,1,1,1,
1,1,1,1,1,1,1,1,1,1,
1,2,3,2,3,2,2,1,1,1,
1,1,1,3,4,4,3,3,3,3,
3,3,3,3,3,3,3,2,2,2,
2,2,2,3,3,3,3,3,3,3,
3,3,3,3,3,3,3,2,2,2,
2,2,2,2,3,3,3,3,3,3,
3,4,5,4,2,2,2,1,2,2,
2,2,1,2,2,1,1,1,1,1,
1,1,1,1,1,1,1,1,1,1,
1,1,1,1,1,1,1,1,1,1,
1,1,1,1,1,1,1,1,1,
-------Row:47-------
1,1,1,1,1,1,1,1,1,1,
1,1,1,1,1,1,1,1,1,1,
1,1,1,1,1,1,1,1,1,1,
1,2,2,2,3,2,2,1,1,1,
1,1,1,3,4,4,4,3,3,3,
3,3,3,3,3,3,3,2,2,2,
2,3,3,3,3,3,3,3,3,3,
3,3,3,3,3,3,3,3,2,2,
2,2,2,2,2,3,2,3,3,3,
4,5,5,4,3,2,2,1,2,2,
2,2,2,2,2,1,1,1,1,1,
1,1,1,1,1,1,1,1,1,1,
1,1,1,1,1,1,1,1,1,1,
1,1,1,1,1,1,1,1,1,
-------Row:48-------
1,1,1,1,1,1,1,1,1,1,
1,1,1,1,1,1,1,1,1,1,
1,1,1,1,1,1,1,1,1,1,
2,2,2,2,2,2,2,2,1,1,
1,1,1,3,5,4,4,3,3,3,
3,3,3,3,3,3,3,2,2,3,
3,3,3,3,3,3,3,2,2,2,
2,2,3,3,3,3,3,3,3,2,
2,3,4,3,2,2,2,4,5,6,
6,6,5,5,4,2,3,1,2,2,
2,2,2,2,2,1,1,1,1,1,
1,1,1,1,1,1,1,1,1,1,
1,1,1,1,1,1,1,1,1,1,
1,1,1,1,1,1,1,1,1,
-------Row:49-------
1,1,1,1,1,1,1,1,1,1,
1,1,1,1,1,1,1,1,1,1,
1,1,1,1,1,1,1,1,1,1,
2,1,2,2,2,2,2,2,1,1,
1,1,1,3,5,4,4,3,3,3,
3,3,3,3,3,3,3,3,3,3,
3,3,3,3,3,3,3,2,2,2,
2,2,2,3,3,3,3,4,3,3,
2,3,4,3,3,3,4,6,5,5,
5,5,5,5,5,2,2,1,1,2,
2,3,2,2,2,2,1,1,1,1,
1,1,1,1,1,1,1,1,1,1,
1,1,1,1,1,1,1,1,1,1,
1,1,1,1,1,1,1,1,1,
-------Row:50-------
1,1,1,1,1,1,1,1,1,1,
1,1,1,1,1,1,1,1,1,1,
1,1,1,1,1,1,1,1,1,1,
2,1,2,2,1,2,2,2,1,1,
1,1,1,2,5,4,4,4,3,3,
3,3,3,3,3,3,3,3,3,3,
3,3,3,3,3,3,3,3,2,2,
2,2,2,2,2,3,3,4,3,3,
2,3,4,3,3,4,5,4,4,5,
4,4,5,5,5,3,2,2,1,2,
2,3,2,2,2,2,1,1,1,1,
1,1,1,1,1,1,1,1,1,1,
1,1,1,1,1,1,1,1,1,1,
1,1,1,1,1,1,1,1,1,
-------Row:51-------
1,1,1,1,1,1,1,1,1,1,
1,1,1,1,1,1,1,1,1,1,
1,1,1,1,1,1,1,1,1,1,
2,1,2,2,1,2,2,1,1,1,
1,1,1,2,5,4,4,4,4,4,
4,4,4,3,3,4,3,3,4,3,
4,4,4,3,3,3,2,2,2,2,
2,2,2,2,2,3,3,3,4,3,
2,3,4,3,4,4,4,4,4,5,
5,5,5,6,6,3,2,2,1,2,
2,3,3,2,2,2,1,1,1,1,
1,1,1,1,1,1,1,1,1,1,
1,1,1,1,1,1,1,1,1,1,
1,1,1,1,1,1,1,1,1,
-------Row:52-------
1,1,1,1,1,1,1,1,1,1,
1,1,1,1,1,1,1,1,1,1,
1,1,1,1,1,1,1,1,1,1,
2,1,2,2,1,2,2,2,2,1,
1,1,1,2,4,4,4,4,4,4,
4,4,4,4,4,3,4,4,4,4,
4,5,5,3,3,3,3,3,3,3,
3,3,3,3,3,3,3,3,3,3,
3,4,4,3,4,4,5,5,5,6,
6,6,6,6,5,4,2,2,1,2,
2,2,3,2,2,2,1,1,1,1,
1,1,1,1,1,1,1,1,1,1,
1,1,1,1,1,1,1,1,1,1,
1,1,1,1,1,1,1,1,1,
-------Row:53-------
1,1,1,1,1,1,1,1,1,1,
1,1,1,1,1,1,1,1,1,1,
1,1,1,1,1,1,1,1,1,1,
1,1,2,1,1,2,2,2,2,1,
1,1,1,2,3,4,4,4,4,4,
4,4,4,3,4,4,4,4,5,4,
4,4,5,4,3,3,3,3,3,4,
4,4,4,4,4,4,4,4,3,2,
4,4,4,4,5,5,6,5,6,6,
6,6,6,6,5,4,1,2,2,1,
2,2,3,2,2,2,1,1,1,1,
1,1,1,1,1,1,1,1,1,1,
1,1,1,1,1,1,1,1,1,1,
1,1,1,1,1,1,1,1,1,
-------Row:54-------
1,1,1,1,1,1,1,1,1,1,
1,1,1,1,1,1,1,1,1,1,
1,1,1,1,1,1,1,1,1,1,
2,1,1,1,1,2,2,1,2,1,
1,1,1,2,2,4,4,4,4,4,
4,4,4,4,4,5,5,5,5,5,
5,5,5,4,3,3,4,4,4,4,
5,5,5,5,5,5,5,4,4,3,
5,4,4,4,5,5,5,5,5,6,
6,6,5,5,5,4,2,1,2,1,
2,2,3,3,2,2,1,1,1,1,
1,1,1,1,1,1,1,1,1,1,
1,1,1,1,1,1,1,1,1,1,
1,1,1,1,1,1,1,1,1,
-------Row:55-------
1,1,1,1,1,1,1,1,1,1,
1,1,1,1,1,1,1,1,1,1,
1,1,1,1,1,1,1,1,1,1,
2,1,2,1,1,2,2,1,1,1,
1,1,1,2,2,5,4,4,4,4,
4,4,4,4,5,5,5,5,5,5,
6,5,5,4,3,4,4,4,5,6,
5,6,6,6,5,5,5,5,4,4,
5,5,4,5,5,5,5,5,5,5,
5,5,5,5,5,3,1,1,3,1,
2,2,2,3,2,2,1,1,1,1,
1,1,1,1,1,1,1,1,1,1,
1,1,1,1,1,1,1,1,1,1,
1,1,1,1,1,1,1,1,1,
-------Row:56-------
1,1,1,1,1,1,1,1,1,1,
1,1,1,1,1,1,1,1,1,1,
1,1,1,1,1,1,1,1,1,1,
2,2,1,2,1,2,2,1,1,1,
1,1,1,2,2,4,4,4,4,4,
4,5,5,5,6,5,5,6,6,6,
6,6,5,5,4,5,5,4,5,5,
6,6,6,5,4,5,5,5,4,4,
5,5,5,5,5,5,5,5,5,5,
5,5,5,5,5,3,1,1,3,1,
2,2,2,4,3,3,2,1,1,1,
1,1,1,1,1,1,1,1,1,1,
1,1,1,1,1,1,1,1,1,1,
1,1,1,1,1,1,1,1,1,
-------Row:57-------
1,1,1,1,1,1,1,1,1,1,
1,1,1,1,1,1,1,1,1,1,
1,1,1,1,1,1,1,1,1,1,
1,2,1,2,1,2,2,1,1,1,
1,1,1,2,1,3,4,4,4,5,
5,6,5,5,5,5,5,6,6,6,
6,6,6,6,5,5,3,3,5,5,
5,5,5,4,2,4,5,5,3,4,
4,5,5,5,5,5,5,5,5,6,
6,6,5,5,5,2,1,1,3,2,
2,2,2,4,3,2,2,1,1,1,
1,1,1,1,1,1,1,1,1,1,
1,1,1,1,1,1,1,1,1,1,
1,1,1,1,1,1,1,1,1,
-------Row:58-------
1,1,1,1,1,1,1,1,1,1,
1,1,1,1,1,1,1,1,1,1,
1,1,1,1,1,1,1,1,1,1,
1,3,1,2,2,2,2,1,1,2,
1,1,1,1,1,2,4,4,4,5,
5,6,5,6,6,6,6,6,6,6,
6,6,5,4,4,5,4,4,4,5,
5,5,5,5,5,4,3,2,2,3,
4,4,5,5,5,5,5,5,5,6,
6,6,5,5,5,1,1,2,2,2,
1,2,2,3,3,3,2,1,1,1,
1,1,1,1,1,1,1,1,1,1,
1,1,1,1,1,1,1,1,1,1,
1,1,1,1,1,1,1,1,1,
-------Row:59-------
1,1,1,1,1,1,1,1,1,1,
1,1,1,1,1,1,1,1,1,1,
1,1,1,1,1,1,1,1,1,1,
1,2,1,2,2,2,2,1,2,2,
1,1,1,1,1,2,4,5,5,5,
5,5,6,6,6,6,6,6,6,6,
5,5,4,4,3,2,3,4,5,5,
5,5,5,5,4,3,2,2,3,3,
3,4,5,5,5,5,6,6,6,6,
6,5,5,5,4,1,1,2,2,2,
1,3,2,3,3,3,2,1,1,1,
1,1,1,1,1,1,1,1,1,1,
1,1,1,1,1,1,1,1,1,1,
1,1,1,1,1,1,1,1,1,
-------Row:60-------
1,1,1,1,1,1,1,1,1,1,
1,1,1,1,1,1,1,1,1,1,
1,1,1,1,1,1,1,1,1,1,
1,1,2,1,2,2,2,1,1,2,
1,1,1,1,1,1,3,4,5,5,
5,5,5,6,6,6,6,6,6,5,
4,3,3,3,3,3,3,4,5,5,
5,5,5,5,4,3,3,3,3,3,
3,4,4,5,5,5,6,6,6,6,
6,6,6,6,4,1,1,2,2,2,
1,2,1,3,2,3,2,2,1,1,
1,1,1,1,1,1,1,1,1,1,
1,1,1,1,1,1,1,1,1,1,
1,1,1,1,1,1,1,1,1,
-------Row:61-------
1,1,1,1,1,1,1,1,1,1,
1,1,1,1,1,1,1,1,1,1,
1,1,1,1,1,1,1,1,1,1,
1,1,2,2,2,2,2,1,1,2,
2,1,1,1,1,1,2,4,5,5,
5,5,5,5,6,6,6,6,5,4,
3,3,3,3,3,3,3,3,4,4,
3,3,4,3,3,3,2,3,3,3,
3,4,4,5,5,5,6,6,6,6,
5,5,5,5,3,1,1,2,2,3,
1,2,1,3,2,3,2,2,1,1,
1,1,1,1,1,1,1,1,1,1,
1,1,1,1,1,1,1,1,1,1,
1,1,1,1,1,1,1,1,1,
-------Row:62-------
1,1,1,1,1,1,1,1,1,1,
1,1,1,1,1,1,1,1,1,1,
1,1,1,1,1,1,1,1,1,1,
1,1,2,2,2,2,2,2,1,2,
2,2,1,1,1,1,2,4,4,5,
5,5,5,5,5,6,6,6,4,3,
3,3,3,3,3,2,3,2,2,2,
1,2,2,2,2,2,2,3,3,3,
4,4,4,4,5,5,6,6,6,6,
6,5,5,6,3,1,1,1,2,3,
1,2,2,3,2,3,2,2,1,1,
1,1,1,1,1,1,1,1,1,1,
1,1,1,1,1,1,1,1,1,1,
1,1,1,1,1,1,1,1,1,
-------Row:63-------
1,1,1,1,1,1,1,1,1,1,
1,1,1,1,1,1,1,1,1,1,
1,1,1,1,1,1,1,1,1,1,
1,1,1,2,2,2,2,2,1,2,
2,1,1,1,1,1,1,4,5,5,
5,5,5,5,5,5,5,5,4,4,
3,3,3,3,3,2,2,2,2,1,
1,1,1,1,2,2,3,3,3,4,
4,4,4,5,5,5,6,6,6,5,
5,6,5,5,3,1,2,1,2,3,
1,2,2,2,2,3,3,2,1,2,
1,1,1,1,1,1,1,1,1,1,
1,1,1,1,1,1,1,1,1,1,
1,1,1,1,1,1,1,1,1,
-------Row:64-------
1,1,1,1,1,1,1,1,1,1,
1,1,1,1,1,1,1,1,1,1,
1,1,1,1,1,1,1,1,1,1,
1,1,1,1,2,2,2,2,1,2,
1,1,1,1,1,1,1,3,5,5,
5,5,5,5,5,5,5,5,4,4,
3,3,4,3,3,2,2,2,2,2,
2,2,2,2,2,2,2,3,4,4,
4,5,5,5,5,5,5,6,6,5,
5,5,5,5,2,1,1,1,2,3,
1,2,2,2,2,2,3,2,1,1,
2,1,1,1,1,1,1,1,1,1,
1,1,1,1,1,1,1,1,1,1,
1,1,1,1,1,1,1,1,1,
-------Row:65-------
1,1,1,1,1,1,1,1,1,1,
1,1,1,1,1,1,1,1,1,1,
1,1,1,1,1,1,1,1,1,1,
1,1,1,1,2,2,2,2,1,2,
1,1,1,1,1,1,1,2,4,5,
5,5,5,5,5,5,5,5,4,4,
3,3,4,3,3,3,4,4,4,3,
3,3,4,4,4,4,3,3,3,4,
4,5,5,5,5,5,5,6,6,5,
5,5,5,4,1,2,1,1,2,3,
1,2,2,2,2,2,3,3,1,1,
2,1,1,1,1,1,1,1,1,1,
1,1,1,1,1,1,1,1,1,1,
1,1,1,1,1,1,1,1,1,
-------Row:66-------
1,1,1,1,1,1,1,1,1,1,
1,1,1,1,1,1,1,1,1,1,
1,1,1,1,1,1,1,1,1,1,
1,1,1,1,2,3,2,2,2,2,
1,1,1,1,1,1,1,1,3,5,
5,5,5,5,5,5,5,5,4,4,
3,3,4,4,4,4,4,4,3,3,
4,4,4,4,4,4,4,4,4,4,
4,5,5,5,5,5,5,6,6,5,
5,5,5,4,1,1,1,1,2,2,
1,2,1,2,2,2,3,3,2,1,
2,1,1,1,1,1,1,1,1,1,
1,1,1,1,1,1,1,1,1,1,
1,1,1,1,1,1,1,1,1,
-------Row:67-------
1,1,1,1,1,1,1,1,1,1,
1,1,1,1,1,1,1,1,1,1,
1,1,1,1,1,1,1,1,1,1,
1,1,1,1,1,2,3,2,2,2,
1,1,1,1,1,1,1,1,2,5,
5,5,5,5,5,5,5,5,4,4,
4,4,4,4,4,4,4,5,4,4,
4,4,5,4,4,4,4,4,5,5,
5,5,5,5,5,5,6,5,5,5,
5,5,5,3,1,1,1,1,2,2,
1,1,2,2,2,2,3,3,2,1,
1,1,1,1,1,1,1,1,1,1,
1,1,1,1,1,1,1,1,1,1,
1,1,1,1,1,1,1,1,1,
-------Row:68-------
1,1,1,1,1,1,1,1,1,1,
1,1,1,1,1,1,1,1,1,1,
1,1,1,1,1,1,1,1,1,1,
1,1,1,1,1,2,3,3,1,2,
1,1,1,1,1,1,1,1,1,4,
5,5,5,5,5,5,5,5,5,5,
4,4,4,4,4,4,4,3,3,3,
3,3,1,1,1,3,3,4,4,4,
4,4,4,5,5,5,6,5,5,5,
5,5,5,2,1,2,1,1,1,2,
1,1,2,2,2,1,3,3,2,1,
1,1,1,1,1,1,1,1,1,1,
1,1,1,1,1,1,1,1,1,1,
1,1,1,1,1,1,1,1,1,
-------Row:69-------
1,1,1,1,1,1,1,1,1,1,
1,1,1,1,1,1,1,1,1,1,
1,1,1,1,1,1,1,1,1,1,
1,1,1,1,1,2,3,3,2,2,
2,1,1,1,1,1,1,1,1,3,
5,5,4,4,5,5,5,5,5,5,
4,3,3,3,2,1,1,1,1,1,
1,1,1,1,1,2,2,2,1,1,
2,3,3,5,5,5,6,6,6,5,
5,5,4,1,1,2,1,1,1,2,
1,1,2,2,2,2,2,3,2,1,
1,1,1,1,1,1,1,1,1,1,
1,1,1,1,1,1,1,1,1,1,
1,1,1,1,1,1,1,1,1,
-------Row:70-------
1,1,1,1,1,1,1,1,1,1,
1,1,1,1,1,1,1,1,1,1,
1,1,1,1,1,1,1,1,1,1,
1,1,1,1,1,2,2,3,1,2,
2,1,1,1,1,1,1,1,1,1,
4,5,5,4,4,5,5,5,5,5,
2,1,1,1,1,2,2,1,1,2,
2,2,2,2,2,3,3,2,2,3,
4,4,4,5,5,5,6,5,5,5,
5,5,3,1,1,2,1,1,1,2,
1,1,1,1,2,2,2,3,2,1,
1,1,1,1,1,1,1,1,1,1,
1,1,1,1,1,1,1,1,1,1,
1,1,1,1,1,1,1,1,1,
-------Row:71-------
1,1,1,1,1,1,1,1,1,1,
1,1,1,1,1,1,1,1,1,1,
1,1,1,1,1,1,1,1,1,1,
1,1,1,1,1,1,2,3,2,2,
2,1,1,1,1,1,1,1,1,1,
3,5,5,4,4,5,5,5,5,5,
3,3,3,2,2,2,2,3,2,2,
2,2,2,3,3,3,2,3,4,5,
5,5,4,4,5,5,6,5,5,5,
5,5,2,1,1,2,1,1,1,2,
1,2,1,2,2,2,2,3,2,1,
1,1,1,1,1,1,1,1,1,1,
1,1,1,1,1,1,1,1,1,1,
1,1,1,1,1,1,1,1,1,
-------Row:72-------
1,1,1,1,1,1,1,1,1,1,
1,1,1,1,1,1,1,1,1,1,
1,1,1,1,1,1,1,1,1,1,
1,1,1,1,1,1,1,2,3,2,
2,1,1,1,1,1,1,1,1,1,
1,4,4,4,4,5,6,6,6,5,
4,5,4,4,4,3,3,3,3,2,
2,2,2,2,3,4,4,5,6,6,
5,6,6,6,6,6,6,6,6,5,
6,4,1,1,2,2,1,1,1,2,
1,1,2,2,2,2,2,3,2,1,
1,1,1,1,1,1,1,1,1,1,
1,1,1,1,1,1,1,1,1,1,
1,1,1,1,1,1,1,1,1,
-------Row:73-------
1,1,1,1,1,1,1,1,1,1,
1,1,1,1,1,1,1,1,1,1,
1,1,1,1,1,1,1,1,1,1,
1,1,1,1,1,1,1,2,3,2,
2,1,1,1,1,1,2,1,1,1,
1,3,4,4,4,5,6,6,6,5,
5,5,5,5,5,5,5,5,4,4,
4,4,5,5,5,6,6,6,6,6,
6,6,6,6,6,6,6,6,6,5,
5,2,1,1,2,2,1,1,1,1,
1,2,2,2,2,2,2,3,2,1,
1,1,1,1,1,1,1,1,1,1,
1,1,1,1,1,1,1,1,1,1,
1,1,1,1,1,1,1,1,1,
-------Row:74-------
1,1,1,1,1,1,1,1,1,1,
1,1,1,1,1,1,1,1,1,1,
1,1,1,1,1,1,1,1,1,1,
1,1,1,1,1,1,1,2,3,3,
2,2,1,1,1,1,2,1,1,1,
1,1,4,4,4,5,6,6,6,5,
5,5,5,6,5,5,6,6,6,6,
6,6,6,6,6,6,6,6,6,6,
6,6,6,6,6,6,6,6,6,5,
4,1,1,1,2,2,1,1,1,1,
1,2,2,2,2,2,2,3,2,1,
1,1,1,1,1,1,1,1,1,1,
1,1,1,1,1,1,1,1,1,1,
1,1,1,1,1,1,1,1,1,
-------Row:75-------
1,1,1,1,1,1,1,1,1,1,
1,1,1,1,1,1,1,1,1,1,
1,1,1,1,1,1,1,1,1,1,
1,1,1,1,1,1,1,2,2,3,
2,2,1,1,1,1,2,2,1,1,
1,1,1,4,4,4,5,5,5,5,
5,5,5,5,5,6,6,6,6,6,
6,6,5,5,6,6,6,6,6,6,
6,6,6,6,6,6,6,6,6,5,
1,1,1,1,2,2,1,1,1,1,
1,1,1,2,1,2,2,3,2,1,
1,1,1,1,1,1,1,1,1,1,
1,1,1,1,1,1,1,1,1,1,
1,1,1,1,1,1,1,1,1,
-------Row:76-------
1,1,1,1,1,1,1,1,1,1,
1,1,1,1,1,1,1,1,1,1,
1,1,1,1,1,1,1,1,1,1,
1,1,1,1,1,2,1,2,2,3,
3,2,1,1,1,1,2,2,1,1,
1,1,1,2,4,4,5,5,6,5,
5,5,5,5,5,5,5,5,6,6,
5,5,5,6,6,6,6,6,6,6,
6,6,6,5,6,6,6,6,5,2,
1,1,1,1,2,2,1,1,1,1,
1,2,2,2,1,2,2,4,2,1,
1,1,1,1,1,1,1,1,1,1,
1,1,1,1,1,1,1,1,1,1,
1,1,1,1,1,1,1,1,1,
-------Row:77-------
1,1,1,1,1,1,1,1,1,1,
1,1,1,1,1,1,1,1,1,1,
1,1,1,1,1,1,1,1,1,1,
1,1,1,1,1,1,1,2,2,3,
3,2,1,1,1,1,1,2,2,1,
1,1,1,1,2,5,5,5,5,5,
5,5,4,4,4,5,5,5,5,5,
4,4,4,4,6,6,6,6,6,6,
6,6,6,6,6,5,6,5,3,1,
1,1,1,2,2,2,1,1,1,1,
1,1,2,2,1,2,2,3,2,1,
1,1,1,1,1,1,1,1,1,1,
1,1,1,1,1,1,1,1,1,1,
1,1,1,1,1,1,1,1,1,
-------Row:78-------
1,1,1,1,1,1,1,1,1,1,
1,1,1,1,1,1,1,1,1,1,
1,1,1,1,1,1,1,1,1,1,
1,1,1,1,1,2,1,1,2,2,
3,2,1,1,1,1,1,2,1,1,
1,1,1,1,1,3,5,5,5,5,
4,4,4,4,4,4,4,4,4,5,
4,3,3,4,4,5,5,4,4,5,
5,5,5,6,6,6,5,2,2,1,
1,1,2,2,2,1,1,1,1,1,
1,2,1,2,2,3,2,3,2,1,
1,1,1,1,1,1,1,1,1,1,
1,1,1,1,1,1,1,1,1,1,
1,1,1,1,1,1,1,1,1,
-------Row:79-------
1,1,1,1,1,1,1,1,1,1,
1,1,1,1,1,1,1,1,1,1,
1,1,1,1,1,1,1,1,1,1,
1,1,1,1,1,1,1,1,2,2,
3,3,1,1,1,1,1,2,2,1,
1,1,1,1,1,2,3,5,5,4,
4,4,4,3,3,4,3,3,4,4,
4,3,3,3,4,4,4,4,4,5,
5,5,5,5,5,5,3,2,2,1,
2,1,2,2,1,1,1,1,1,2,
1,2,2,2,2,2,3,3,2,1,
1,1,1,1,1,1,1,1,1,1,
1,1,1,1,1,1,1,1,1,1,
1,1,1,1,1,1,1,1,1,
-------Row:80-------
1,1,1,1,1,1,1,1,1,1,
1,1,1,1,1,1,1,1,1,1,
1,1,1,1,1,1,1,1,1,1,
1,1,1,1,1,1,1,1,2,1,
3,3,2,1,1,1,1,2,2,1,
1,1,1,1,1,2,2,4,5,5,
5,4,4,3,3,4,4,4,3,4,
4,4,4,4,4,4,5,4,5,5,
5,5,5,5,4,3,2,2,2,1,
2,1,2,1,2,1,1,1,1,2,
1,2,2,2,2,3,3,3,2,1,
1,1,1,1,1,1,1,1,1,1,
1,1,1,1,1,1,1,1,1,1,
1,1,1,1,1,1,1,1,1,
-------Row:81-------
1,1,1,1,1,1,1,1,1,1,
1,1,1,1,1,1,1,1,1,1,
1,1,1,1,1,1,1,1,1,1,
1,1,1,1,1,1,1,1,2,1,
2,3,2,1,1,1,1,2,2,1,
2,1,1,1,1,1,2,4,5,5,
6,5,4,3,5,4,4,4,4,4,
4,4,4,5,4,5,5,5,5,5,
5,5,5,4,3,3,3,3,2,1,
1,1,1,1,2,1,1,1,1,2,
2,2,2,2,2,2,4,2,2,1,
1,1,1,1,1,1,1,1,1,1,
1,1,1,1,1,1,1,1,1,1,
1,1,1,1,1,1,1,1,1,
-------Row:82-------
1,1,1,1,1,1,1,1,1,1,
1,1,1,1,1,1,1,1,1,1,
1,1,1,1,1,1,1,1,1,1,
1,1,1,1,1,2,1,1,2,1,
1,3,2,1,1,1,1,2,2,1,
1,1,1,1,1,2,2,3,5,5,
6,5,4,4,5,4,4,4,5,5,
5,5,5,5,5,5,6,6,5,5,
5,5,4,3,3,3,3,3,2,1,
1,2,1,1,2,1,1,1,1,2,
2,2,2,2,2,2,3,2,2,1,
1,1,1,1,1,1,1,1,1,1,
1,1,1,1,1,1,1,1,1,1,
1,1,1,1,1,1,1,1,1,
-------Row:83-------
1,1,1,1,1,1,1,1,1,1,
1,1,1,1,1,1,1,1,1,1,
1,1,1,1,1,1,1,1,1,1,
1,1,1,1,1,2,1,2,2,1,
1,2,2,1,1,1,1,1,2,2,
1,1,1,1,1,1,2,3,4,5,
5,5,6,5,5,4,4,5,5,5,
5,5,5,5,5,6,6,5,5,5,
5,4,3,3,3,3,4,2,2,1,
1,2,1,2,2,1,1,1,1,2,
2,1,1,2,2,3,3,2,2,1,
1,1,1,1,1,1,1,1,1,1,
1,1,1,1,1,1,1,1,1,1,
1,1,1,1,1,1,1,1,1,
-------Row:84-------
1,1,1,1,1,1,1,1,1,1,
1,1,1,1,1,1,1,1,1,1,
1,1,1,1,1,1,1,1,1,1,
1,1,1,1,1,2,1,2,2,1,
1,1,2,1,1,1,1,1,2,2,
1,1,1,1,1,1,2,3,4,4,
5,5,6,6,5,5,5,5,5,5,
5,5,5,5,5,6,6,5,5,4,
3,3,3,3,3,3,4,2,1,1,
1,2,1,2,1,1,1,1,1,2,
2,1,2,2,1,3,2,1,3,1,
1,1,1,1,1,1,1,1,1,1,
1,1,1,1,1,1,1,1,1,1,
1,1,1,1,1,1,1,1,1,
-------Row:85-------
1,1,1,1,1,1,1,1,1,1,
1,1,1,1,1,1,1,1,1,1,
1,1,1,1,1,1,1,1,1,1,
1,1,1,1,1,2,1,2,2,1,
1,1,2,2,1,1,1,1,2,2,
1,2,2,1,1,1,1,2,4,5,
4,5,5,6,6,6,5,5,5,5,
5,5,5,5,5,6,5,5,4,4,
4,4,4,3,3,5,3,2,1,1,
2,1,2,2,1,1,1,1,2,2,
2,1,2,2,1,3,2,1,3,1,
1,1,1,1,1,1,1,1,1,1,
1,1,1,1,1,1,1,1,1,1,
1,1,1,1,1,1,1,1,1,
-------Row:86-------
1,1,1,1,1,1,1,1,1,1,
1,1,1,1,1,1,1,1,1,1,
1,1,1,1,1,1,1,1,1,1,
1,1,2,2,3,2,1,2,2,1,
1,1,2,2,1,1,1,1,2,3,
1,3,2,1,2,2,1,2,3,4,
4,5,5,6,6,5,5,6,6,6,
6,6,5,5,5,5,5,4,4,4,
4,4,4,3,4,4,3,2,1,1,
2,1,1,2,1,1,1,1,2,3,
2,1,2,2,1,3,2,1,2,1,
1,1,1,1,1,1,1,1,1,1,
1,1,1,1,1,1,1,1,1,1,
1,1,1,1,1,1,1,1,1,
-------Row:87-------
1,1,1,1,1,1,1,1,1,1,
1,1,1,1,1,1,1,1,1,1,
1,1,1,1,1,1,1,1,1,1,
2,2,3,3,3,3,1,2,2,1,
1,1,2,2,1,1,1,1,2,4,
1,3,3,2,2,2,1,2,3,4,
4,5,5,6,5,5,5,5,6,6,
6,6,5,5,5,5,5,4,4,4,
4,4,4,3,5,4,3,1,1,1,
1,1,1,2,1,1,1,1,2,2,
2,2,2,2,2,3,2,2,2,1,
1,1,1,1,1,1,1,1,1,1,
1,1,1,1,1,1,1,1,1,1,
1,1,1,1,1,1,1,1,1,
-------Row:88-------
1,1,1,1,1,1,1,1,1,1,
1,1,1,1,1,1,1,1,1,1,
1,1,1,1,1,1,2,2,2,2,
3,2,3,3,3,3,2,2,2,1,
1,1,1,2,1,1,1,1,2,3,
2,3,3,2,2,2,2,2,2,3,
4,5,5,6,6,5,5,5,5,5,
5,5,5,5,5,5,4,4,4,5,
5,4,3,4,5,2,2,1,1,1,
2,1,2,2,1,1,1,1,2,2,
2,2,2,2,3,3,3,3,2,1,
1,1,1,1,1,1,1,1,1,1,
1,1,1,1,1,1,1,1,1,1,
1,1,1,1,1,1,1,1,1,
-------Row:89-------
1,1,1,1,1,1,1,1,1,1,
1,1,1,1,1,1,1,1,1,1,
1,1,2,2,2,3,3,3,2,3,
3,3,3,3,3,3,2,2,2,2,
1,1,1,2,2,1,1,1,2,3,
2,3,3,2,1,2,3,2,2,3,
4,5,5,5,5,5,5,5,5,5,
5,5,5,5,5,4,4,5,5,6,
5,4,4,5,3,2,1,1,1,1,
1,1,2,2,1,1,1,1,3,2,
2,2,2,2,3,3,3,3,3,3,
2,1,1,1,1,1,1,1,1,1,
1,1,1,1,1,1,1,1,1,1,
1,1,1,1,1,1,1,1,1,
-------Row:90-------
1,1,1,1,1,1,1,1,1,1,
1,1,1,1,1,1,1,1,1,1,
2,2,3,3,3,3,3,3,3,3,
3,3,3,3,3,3,3,2,2,2,
1,1,1,2,2,1,1,1,2,2,
2,3,4,2,1,2,4,2,3,3,
4,5,5,6,5,5,5,6,6,6,
6,6,5,5,5,5,5,6,6,6,
4,3,5,3,2,2,1,1,1,1,
1,1,2,1,1,1,1,2,3,2,
2,2,1,3,3,3,3,3,3,3,
2,2,2,2,1,1,1,1,1,1,
1,1,1,1,1,1,1,1,1,1,
1,1,1,1,1,1,1,1,1,
-------Row:91-------
1,1,1,1,1,1,1,1,1,1,
1,1,1,1,1,1,1,1,1,2,
3,3,3,3,3,3,3,3,3,3,
3,3,3,3,3,3,3,2,2,2,
2,1,1,2,2,1,1,1,1,2,
2,3,3,2,1,2,5,4,4,3,
4,5,5,5,5,5,5,6,6,6,
6,6,6,5,6,6,6,6,6,5,
4,4,4,2,3,1,1,1,1,2,
1,2,2,1,1,1,1,2,2,2,
2,2,2,3,3,3,3,3,4,3,
3,3,3,3,2,2,2,1,1,1,
1,1,1,1,1,1,1,1,1,1,
1,1,1,1,1,1,1,1,1,
-------Row:92-------
1,1,1,1,1,1,1,1,1,1,
1,1,1,1,1,1,1,1,3,3,
3,3,3,4,4,3,3,3,3,3,
3,3,3,3,3,3,4,2,2,2,
2,1,1,2,2,1,1,1,2,2,
2,3,3,2,1,2,4,5,5,4,
4,5,5,5,5,5,5,6,6,6,
6,6,6,6,6,6,6,6,5,4,
4,4,3,4,2,1,1,1,1,1,
1,2,2,1,1,1,1,2,3,2,
2,2,3,3,3,3,3,3,3,3,
3,3,3,3,3,3,3,2,2,2,
1,1,1,1,1,1,1,1,1,1,
1,1,1,1,1,1,1,1,1,
-------Row:93-------
1,1,1,1,1,1,1,1,1,1,
1,1,1,1,1,1,1,3,3,3,
3,3,3,4,4,3,3,3,3,3,
3,3,3,3,3,3,4,3,2,2,
2,1,1,1,2,1,1,1,2,1,
2,3,3,3,2,3,4,5,5,5,
5,5,5,6,6,5,5,5,6,6,
6,6,6,6,6,6,6,5,4,4,
4,4,4,2,1,2,2,1,1,1,
1,2,2,1,1,1,1,3,3,2,
2,2,3,3,3,3,3,3,3,3,
3,3,3,3,3,3,3,3,3,3,
3,2,2,1,1,1,1,1,1,1,
1,1,1,1,1,1,1,1,1,
-------Row:94-------

